19
6
453 462 259 580 943 976 
2
696 356 
6
552 319 102 758 106 165 
5
220 845 391 207 90 
6
960 237 91 54 643 289 
5
910 94 486 521 675 
10
497 128 126 854 444 30 525 898 789 631 
4
615 203 260 6 
3
351 261 722 
1
704 
9
583 346 152 846 440 639 367 115 420 
6
244 898 71 40 929 596 
9
70 579 353 685 135 614 43 897 317 
7
972 257 360 100 192 706 605 
9
499 596 406 966 16 623 210 915 46 
3
844 994 540 
7
573 246 951 60 860 994 310 
10
2 282 786 362 734 330 421 691 369 272 
8
127 238 304 102 801 571 148 403 
